PARTEA

Anul VI Ñ Nr. 283

I

Joi, 6 octombrie 1994

LEGI, DECRETE, HOTÃRÂRI ȘI ALTE ACTE

SUMAR
Nr.
Pagina
CALCULATOARE PRIVIND IMPOZITUL PE SALARII
STABILIT ÎN BAZA ORDONANÞEI GUVERNULUI
Nr. 39 DIN 5 AUGUST 1994
Calculatorul nr. 1 pentru impozitul pe salarii aferent veniturilor realizate începând cu luna octombrie 1994..............1Ð15
Calculatorul nr. 2 pentru impozitul pe venitul lunar realizat
din salarii între 21.101Ð24.240 lei, la locul permanent
de muncã...........................................................................15Ð16

CALCULATOARE

privind impozitul pe salarii stabilit în baza
Ordonanței Guvernului Nr. 39 din 5 august 1994
CALCULATORUL Nr. 1

pentru impozitul pe salarii aferent veniturilor realizate începând cu luna octombrie 1994
I. Tabelul impozitului calculat la fiecare sutã de lei
Ñ lei Ñ
Venit lunar
impozabil

100
200
300
400
500
600
700
800
900
1.000
100
200
300
400
500
600

Impozit
lunar

5
10
15
20
25
30
35
40
45
50
55
60
65
70
75
80

Venit lunar
impozabil

700
800
900
2.000
100
200
300
400
500
600
700
800
900
3.000
100
200

Impozit
lunar

85
90
95
100
105
110
115
120
125
130
135
140
145
150
155
160

Venit lunar
impozabil

300
400
500
600
700
800
900
4.000
100
200
300
400
500
600
700
800

Impozit
lunar

165
170
175
180
185
190
195
200
205
210
215
220
225
230
235
240

Venit lunar
impozabil

900
5.000
100
200
300
400
500
600
700
800
900
6.000
100
200
300
400

Impozit
lunar

245
250
255
260
265
270
275
280
285
290
295
300
305
310
315
320

Venit lunar
impozabil

500
600
700
800
900
7.000
100
200
300
400
500
600
700
800
900
8.000

Impozit
lunar

325
330
335
340
345
350
355
360
365
370
378
386
394
402
410
418

2

MONITORUL OFICIAL AL ROMÂNIEI, PARTEA I, Nr.283
Ñ lei Ñ

Venit lunar
impozabil

Impozit
lunar

Venit lunar
impozabil

Impozit
lunar

Venit lunar
impozabil

Impozit
lunar

Venit lunar
impozabil

Impozit
lunar

Venit lunar
impozabil

Impozit
lunar

100
200
300
400
500
600
700
800
900
9.000
100
200
300
400
500
600
700
800
900
10.000
100
200
300
400
500
600
700
800
900
11.000
100
200
300
400
500
600
700
800
900
12.000
100
200
300
400
500
600
700
800
900
13.000
100
200
300
400
500
600
700
800
900
14.000
100
200
300
400
500
600

426
440
454
468
482
496
510
524
538
552
566
580
594
608
622
636
650
664
678
692
706
720
734
748
762
776
790
804
818
835
852
869
886
903
920
937
954
971
988
1.005
1.022
1.039
1.056
1.073
1.090
1.107
1.124
1.141
1.158
1.175
1.192
1.209
1.226
1.243
1.260
1.277
1.294
1.311
1.328
1.345
1.362
1.379
1.396
1.413
1.430
1.447

700
800
900
15.000
100
200
300
400
500
600
700
800
900
16.000
100
200
300
400
500
600
700
800
900
17.000
100
200
300
400
500
600
700
800
900
18.000
100
200
300
400
500
600
700
800
900
19.000
100
200
300
400
500
600
700
800
900
20.000
100
200
300
400
500
600
700
800
900
21.000
100
200

1.464
1.481
1.498
1.515
1.532
1.549
1.566
1.583
1.600
1.617
1.634
1.651
1.668
1.685
1.702
1.719
1.736
1.753
1.770
1.787
1.804
1.821
1.838
1.855
1.872
1.889
1.906
1.923
1.940
1.957
1.974
1.991
2.008
2.025
2.042
2.059
2.076
2.093
2.110
2.128
2.146
2.164
2.182
2.200
2.218
2.236
2.254
2.272
2.290
2.308
2.326
2.344
2.362
2.380
2.398
2.416
2.434
2.452
2.470
2.488
2.506
2.524
2.542
2.560
2.578
2.596

300
400
500
600
700
800
900
22.000
100
200
300
400
500
600
700
800
900
23.000
100
200
300
400
500
600
700
800
900
24.000
100
200
300
400
500
600
700
800
900
25.000
100
200
300
400
500
600
700
800
900
26.000
100
200
300
400
500
600
700
800
900
27.000
100
200
300
400
500
600
700
800

2.614
2.632
2.650
2.668
2.686
2.704
2.722
2.740
2.758
2.776
2.794
2.812
2.830
2.848
2.866
2.884
2.902
2.920
2.938
2.856
2.974
2.992
3.010
3.028
3.046
3.064
3.082
3.100
3.118
3.136
3.154
3.172
3.190
3.208
3.226
3.244
3.262
3.280
3.298
3.316
3.334
3.352
3.370
3.388
3.406
3.424
3.442
3.460
3.478
3.496
3.514
3.532
3.550
3.568
3.586
3.604
3.622
3.640
3.658
3.676
3.694
3.712
3.730
3.748
3.766
3.784

900
28.000
100
200
300
400
500
600
700
800
900
29.000
100
200
300
400
500
600
700
800
900
30.000
100
200
300
400
500
600
700
800
900
31.000
100
200
300
400
500
600
700
800
900
32.000
100
200
300
400
500
600
700
800
900
33.000
100
200
300
400
500
600
700
800
900
34.000
100
200
300
400

3.802
3.820
3.838
3.856
3.874
3.892
3.910
3.928
3.946
3.964
3.982
4.000
4.018
4.036
4.054
4.072
4.090
4.108
4.126
4.144
4.162
4.180
4.198
4.216
4.235
4.254
4.273
4.292
4.311
4.330
4.349
4.368
4.387
4.406
4.425
4.444
4.463
4.482
4.501
4.520
4.539
4.558
4.577
4.596
4.615
4.634
4.653
4.672
4.691
4.710
4.729
4.748
4.767
4.786
4.805
4.824
4.843
4.862
4.881
4.900
4.919
4.938
4.957
4.976
4.995
5.014

500
600
700
800
900
35.000
100
200
300
400
500
600
700
800
900
36.000
100
200
300
400
500
600
700
800
900
37.000
100
200
300
400
500
600
700
800
900
38.000
100
200
300
400
500
600
700
800
900
39.000
100
200
300
400
500
600
700
800
900
40.000
100
200
300
400
500
600
700
800
900
41.000

5.033
5.052
5.071
5.090
5.109
5.128
5.147
5.166
5.185
5.204
5.223
5.242
5.261
5.280
5.299
5.318
5.337
5.356
5.375
5.394
5.413
5.432
5.451
5.470
5.489
5.508
5.527
5.546
5.565
5.584
5.603
5.622
5.641
5.660
5.679
5.698
5.717
5.736
5.755
5.774
5.793
5.812
5.831
5.850
5.869
5.888
5.907
5.926
5.945
5.964
5.983
6.002
6.021
6.040
6.059
6.078
6.097
6.116
6.135
6.154
6.173
6.192
6.211
6.230
6.249
6.268

MONITORUL OFICIAL AL ROMÂNIEI, PARTEA I, Nr. 283

3
Ñ lei Ñ

Venit lunar
impozabil

Impozit
lunar

Venit lunar
impozabil

Impozit
lunar

Venit lunar
impozabil

Impozit
lunar

Venit lunar
impozabil

Impozit
lunar

Venit lunar
impozabil

Impozit
lunar

100
200
300
400
500
600
700
800
900
42.000
100
200
300
400
500
600
700
800
900
43.000
100
200
300
400
500
600
700
800
900
44.000
100
200
300
400
500
600
700
800
900
45.000
100
200
300
400
500
600
700
800
900
46.000
100
200
300
400
500
600
700
800
900
47.000
100
200
300
400
500
600

6.287
6.306
6.325
6.344
6.363
6.382
6.401
6.420
6.439
6.458
6.477
6.496
6.515
6.534
6.553
6.572
6.591
6.610
6.629
6.648
6.667
6.686
6.705
6.724
6.743
6.762
6.781
6.800
6.819
6.838
6.857
6.876
6.895
6.914
6.933
6.952
6.971
6.990
7.009
7.028
7.047
7.066
7.086
7.106
7.126
7.146
7.166
7.186
7.206
7.226
7.246
7.266
7.286
7.306
7.326
7.346
7.366
7.386
7.406
7.426
7.446
7.466
7.486
7.506
7.526
7.546

700
800
900
48.000
100
200
300
400
500
600
700
800
900
49.000
100
200
300
400
500
600
700
800
900
50.000
100
200
300
400
500
600
700
800
900
51.000
100
200
300
400
500
600
700
800
900
52.000
100
200
300
400
500
600
700
800
900
53.000
100
200
300
400
500
600
700
800
900
54.000
100
200

7.566
7.586
7.606
7.626
7.646
7.666
7.686
7.706
7.726
7.746
7.766
7.786
7.806
7.826
7.846
7.866
7.886
7.906
7.926
7.946
7.966
7.986
8.006
8.026
8.046
8.066
8.086
8.106
8.126
8.146
8.166
8.186
8.206
8.226
8.246
8.266
8.286
8.306
8.326
8.346
8.366
8.386
8.406
8.426
8.446
8.466
8.486
8.506
8.526
8.546
8.566
8.586
8.606
8.626
8.646
8.666
8.686
8.706
8.726
8.746
8.766
8.786
8.806
8.826
8.846
8.866

300
400
500
600
700
800
900
55.000
100
200
300
400
500
600
700
800
900
56.000
100
200
300
400
500
600
700
800
900
57.000
100
200
300
400
500
600
700
800
900
58.000
100
200
300
400
500
600
700
800
900
59.000
100
200
300
400
500
600
700
800
900
60.000
100
200
300
400
500
600
700
800

8.886
8.906
8.926
8.946
8.966
8.986
9.006
9.026
9.046
9.066
9.086
9.106
9.126
9.146
9.166
9.186
9.206
9.226
9.246
9.266
9.286
9.306
9.326
9.346
9.366
9.386
9.406
9.426
9.446
9.466
9.486
9.506
9.526
9.546
9.566
9.586
9.606
9.626
9.646
9.666
9.686
9.706
9.726
9.746
9.766
9.786
9.806
9.826
9.846
9.866
9.886
9.906
9.926
9.946
9.966
9.986
10.006
10.026
10.046
10.066
10.086
10.106
10.126
10.146
10.166
10.186

900
61.000
100
200
300
400
500
600
700
800
900
62.000
100
200
300
400
500
600
700
800
900
63.000
100
200
300
400
500
600
700
800
900
64.000
100
200
300
400
500
600
700
800
900
65.000
100
200
300
400
500
600
700
800
900
66.000
100
200
300
400
500
600
700
800
900
67.000
100
200
300
400

10.206
10.226
10.246
10.266
10.286
10.306
10.326
10.346
10.366
10.386
10.406
10.426
10.446
10.466
10.486
10.506
10.526
10.546
10.566
10.586
10.606
10.626
10.646
10.666
10.686
10.706
10.726
10.746
10.766
10.786
10.806
10.826
10.846
10.866
10.886
10.906
10.926
10.946
10.966
10.986
11.006
11.026
11.046
11.066
11.086
11.106
11.126
11.146
11.166
11.186
11.206
11.226
11.246
11.266
11.286
11.306
11.326
11.346
11.366
11.386
11.406
11.426
11.446
11.466
11.486
11.506

500
600
700
800
900
68.000
100
200
300
400
500
600
700
800
900
69.000
100
200
300
400
500
600
700
800
900
70.000
100
200
300
400
500
600
700
800
900
71.000
100
200
300
400
500
600
700
800
900
72.000
100
200
300
400
500
600
700
800
900
73.000
100
200
300
400
500
600
700
800
900
74.000

11.526
11.546
11.566
11.586
11.606
11.626
11.646
11.666
11.686
11.706
11.726
11.746
11.766
11.786
11.806
11.826
11.846
11.866
11.886
11.906
11.926
11.946
11.966
11.986
12.006
12.026
12.046
12.066
12.086
12.106
12.126
12.146
12.166
12.186
12.206
12.226
12.246
12.266
12.286
12.306
12.326
12.346
12.366
12.386
12.406
12.426
12.446
12.466
12.486
12.506
12.526
12.546
12.566
12.586
12.606
12.626
12.646
12.666
12.686
12.706
12.726
12.746
12.766
12.786
12.806
12.826

4

MONITORUL OFICIAL AL ROMÂNIEI, PARTEA I, Nr.283
Ñ lei Ñ

Venit lunar
impozabil

Impozit
lunar

Venit lunar
impozabil

Impozit
lunar

Venit lunar
impozabil

Impozit
lunar

100
200
300
400
500
600
700
800
900
75.000
100
200
300
400
500
600
700
800
900
76.000
100
200
300
400
500
600
700
800
900
77.000
100
200
300
400
500
600
700
800
900
78.000
100
200
300
400
500
600
700
800
900
79.000
100
200
300
400
500
600
700
800
900
80.000
100
200
300
400
500
600

12.846
12.866
12.886
12.906
12.926
12.946
12.966
12.986
13.006
13.026
13.046
13.066
13.086
13.106
13.126
13.146
13.166
13.186
13.206
13.226
13.246
13.266
13.286
13.307
13.328
13.349
13.370
13.391
13.412
13.433
13.454
13.475
13.496
13.517
13.538
13.559
13.580
13.601
13.622
13.643
13.664
13.685
13.706
13.727
13.748
13.769
13.790
13.811
13.832
13.853
13.874
13.895
13.916
13.937
13.958
13.979
14.000
14.021
14.042
14.063
14.084
14.105
14.126
14.147
14.168
14.189

700
800
900
81.000
100
200
300
400
500
600
700
800
900
82.000
100
200
300
400
500
600
700
800
900
83.000
100
200
300
400
500
600
700
800
900
84.000
100
200
300
400
500
600
700
800
900
85.000
100
200
300
400
500
600
700
800
900
86.000
100
200
300
400
500
600
700
800
900
87.000
100
200

14.210
14.231
14.252
14.273
14.294
14.315
14.336
14.357
14.378
14.399
14.420
14.441
14.462
14.483
14.504
14.525
14.546
14.567
14.588
14.609
14.630
14.651
14.672
14.693
14.714
14.735
14.756
14.777
14.798
14.819
14.840
14.861
14.882
14.903
14.924
14.945
14.966
14.987
15.008
15.029
15.050
15.071
15.092
15.113
15.134
15.155
15.176
15.197
15.218
15.239
15.260
15.281
15.302
15.323
15.344
15.365
15.386
15.407
15.428
15.449
15.470
15.491
15.512
15.533
15.554
15.575

300
400
500
600
700
800
900
88.000
100
200
300
400
500
600
700
800
900
89.000
100
200
300
400
500
600
700
800
900
90.000
100
200
300
400
500
600
700
800
900
91.000
100
200
300
400
500
600
700
800
900
92.000
100
200
300
400
500
600
700
800
900
93.000
100
200
300
400
500
600
700
800

15.596
15.617
15.638
15.659
15.680
15.701
15.722
15.743
15.764
15.785
15.806
15.827
15.848
15.869
15.890
15.911
15.932
15.953
15.974
15.995
16.016
16.037
16.058
16.079
16.100
16.121
16.142
16.163
16.184
16.205
16.226
16.247
16.268
16.289
16.310
16.331
16.352
16.373
16.394
16.415
16.436
16.457
16.478
16.499
16.520
16.541
16.562
16.583
16.604
16.625
16.646
16.667
16.688
16.709
16.730
16.751
16.772
16.793
16.814
16.835
16.856
16.877
16.898
16.919
16.940
16.961

Venit lunar
impozabil

900
94.000
100
200
300
400
500
600
700
800
900
95.000
100
200
300
400
500
600
700
800
900
96.000
100
200
300
400
500
600
700
800
900
97.000
100
200
300
400
500
600
700
800
900
98.000
100
200
300
400
500
600
700
800
900
99.000
100
200
300
400
500
600
700
800
900
100.000
100
200
300
400

Impozit
lunar

16.982
17.003
17.024
17.045
17.066
17.087
17.108
17.129
17.150
17.171
17.192
17.213
17.234
17.255
17.276
17.297
17.318
17.339
17.360
17.381
17.402
17.423
17.444
17.465
17.486
17.507
17.528
17.549
17.570
17.591
17.612
17.633
17.654
17.675
17.696
17.717
17.738
17.759
17.780
17.801
17.822
17.843
17.864
17.885
17.906
17.927
17.948
17.969
17.990
18.011
18.032
18.053
18.074
18.095
18.116
18.137
18.158
18.179
18.200
18.221
18.242
18.263
18.284
18.305
18.326
18.347

Venit lunar
impozabil

500
600
700
800
900
101.000
100
200
300
400
500
600
700
800
900
102.000
100
200
300
400
500
600
700
800
900
103.000
100
200
300
400
500
600
700
800
900
104.000
100
200
300
400
500
600
700
800
900
105.000
100
200
300
400
500
600
700
800
900
106.000
100
200
300
400
500
600
700
800
900
107.000

Impozit
lunar

18.368
18.389
18.410
18.431
18.452
18.473
18.494
18.515
18.536
18.557
18.578
18.599
18.620
18.641
18.662
18.683
18.704
18.725
18.746
18.767
18.788
18.809
18.830
18.851
18.872
18.893
18.914
18.935
18.956
18.977
18.998
19.019
19.040
19.061
19.082
19.103
19.124
19.145
19.166
19.187
19.208
19.229
19.250
19.271
19.292
19.313
19.334
19.355
19.376
19.397
19.418
19.439
19.460
19.481
19.502
19.523
19.544
19.565
19.586
19.607
19.629
19.651
19.673
19.695
19.717
19.739

MONITORUL OFICIAL AL ROMÂNIEI, PARTEA I, Nr. 283

5
Ñ lei Ñ

Venit lunar
impozabil

100
200
300
400
500
600
700
800
900
108.000
100
200
300
400
500
600
700
800
900
109.000
100
200
300
400
500
600
700
800
900
110.000
100
200
300
400
500
600
700
800
900
111.000
100
200
300
400
500
600
700
800
900
112.000
100
200
300
400
500
600
700
800
900
113.000
100
200
300
400
500
600

Impozit
lunar

19.761
19.783
19.805
19.827
19.849
19.871
19.893
19.915
19.937
19.959
19.981
20.003
20.025
20.047
20.069
20.091
20.113
20.135
20.157
20.179
20.201
20.223
20.245
20.267
20.289
20.311
20.333
20.355
20.377
20.399
20.421
20.443
20.465
20.487
20.509
20.531
20.553
20.575
20.597
20.619
20.641
20.663
20.685
20.707
20.729
20.751
20.773
20.795
20.817
20.839
20.861
20.883
20.905
20.927
20.949
20.971
20.993
21.015
21.037
21.059
21.081
21.103
21.125
21.147
21.169
21.191

Venit lunar
impozabil

700
800
900
114.000
100
200
300
400
500
600
700
800
900
115.000
100
200
300
400
500
600
700
800
900
116.000
100
200
300
400
500
600
700
800
900
117.000
100
200
300
400
500
600
700
800
900
118.000
100
200
300
400
500
600
700
800
900
119.000
100
200
300
400
500
600
700
800
900
120.000
100
200

Impozit
lunar

21.213
21.235
21.257
21.279
21.301
21.323
21.345
21.367
21.389
21.411
21.433
21.455
21.477
21.499
21.521
21.543
21.565
21.587
21.609
21.631
21.653
21.675
21.697
21.719
21.741
21.763
21.785
21.807
21.829
21.851
21.873
21.895
21.917
21.939
21.961
21.983
22.005
22.027
22.049
22.071
22.093
22.115
22.137
22.159
22.181
22.203
22.225
22.247
22.269
22.291
22.313
22.335
22.357
22.379
22.401
22.423
22.445
22.467
22.489
22.511
22.533
22.555
22.577
22.599
22.621
22.643

Venit lunar
impozabil

300
400
500
600
700
800
900
121.000
100
200
300
400
500
600
700
800
900
122.000
100
200
300
400
500
600
700
800
900
123.000
100
200
300
400
500
600
700
800
900
124.000
100
200
300
400
500
600
700
800
900
125.000
100
200
300
400
500
600
700
800
900
126.000
100
200
300
400
500
600
700
800

Impozit
lunar

22.665
22.687
22.709
22.731
22.753
22.775
22.797
22.819
22.841
22.863
22.885
22.907
22.929
22.951
22.973
22.995
23.017
23.039
23.061
23.083
23.105
23.127
23.149
23.171
23.193
23.215
23.237
23.259
23.281
23.303
23.325
23.347
23.369
23.391
23.413
23.435
23.457
23.479
23.501
23.523
23.545
23.567
23.589
23.611
23.633
23.655
23.677
23.699
23.721
23.743
23.765
23.787
23.809
23.831
23.853
23.875
23.897
23.919
23.941
23.963
23.985
24.007
24.029
24.051
24.073
24.095

Venit lunar
impozabil

900
127.000
100
200
300
400
500
600
700
800
900
128.000
100
200
300
400
500
600
700
800
900
129.000
100
200
300
400
500
600
700
800
900
130.000
100
200
300
400
500
600
700
800
900
131.000
100
200
300
400
500
600
700
800
900
132.000
100
200
300
400
500
600
700
800
900
133.000
100
200
300
400

Impozit
lunar

24.117
24.139
24.161
24.183
24.205
24.227
24.249
24.271
24.293
24.315
24.337
24.359
24.381
24.403
24.425
24.447
24.469
24.491
24.513
24.535
24.557
24.579
24.601
24.623
24.645
24.667
24.689
24.711
24.733
24.755
24.777
24.799
24.821
24.843
24.865
24.887
24.909
24.931
24.953
24.975
24.997
25.019
25.041
25.063
25.085
25.107
25.129
25.151
25.173
25.195
25.217
25.239
25.261
25.283
25.305
25.327
25.349
25.371
25.393
25.415
25.437
25.459
25.481
25.503
25.525
25.547

Venit lunar
impozabil

500
600
700
800
900
134.000
100
200
300
400
500
600
700
800
900
135.000
100
200
300
400
500
600
700
800
900
136.000
100
200
300
400
500
600
700
800
900
137.000
100
200
300
400
500
600
700
800
900
138.000
100
200
300
400
500
600
700
800
900
139.000
100
200
300
400
500
600
700
800
900
140.000

Impozit
lunar

25.569
25.591
25.613
25.635
25.657
25.679
25.701
25.723
25.745
25.767
25.789
25.811
25.833
25.855
25.877
25.899
25.921
25.943
25.965
25.987
26.009
26.031
26.053
26.075
26.097
26.119
26.141
26.163
26.185
26.207
26.229
26.251
26.273
26.295
26.317
26.339
26.361
26.383
26.405
26.427
26.449
26.471
26.493
26.515
26.537
26.559
26.581
26.603
26.625
26.647
26.669
26.691
26.713
26.735
26.757
26.779
26.801
26.823
26.845
26.867
26.889
26.911
26.933
26.955
26.977
26.999

6

MONITORUL OFICIAL AL ROMÂNIEI, PARTEA I, Nr.283
Ñ lei Ñ

Venit lunar
impozabil

100
200
300
400
500
600
700
800
900
141.000
100
200
300
400
500
600
700
800
900
142.000
100
200
300
400
500
600
700
800
900
143.000
100
200
300
400
500
600
700
800
900
144.000
100
200
300
400
500
600
700
800
900
145.000
100
200
300
400
500
600
700
800
900
146.000
100
200
300
400
500
600

Impozit
lunar

27.021
27.043
27.065
27.087
27.109
27.131
27.153
27.175
27.197
27.219
27.241
27.263
27.285
27.307
27.329
27.351
27.373
27.395
27.417
27.439
27.461
27.483
27.505
27.527
27.549
27.571
27.593
27.615
27.637
27.659
27.681
27.703
27.725
27.747
27.769
27.791
27.813
27.835
27.857
27.879
27.901
27.923
27.945
27.967
27.989
28.011
28.033
28.055
28.077
28.099
28.121
28.143
28.165
28.187
28.209
28.231
28.253
28.275
28.297
28.319
28.341
28.363
28.385
28.407
28.429
28.451

Venit lunar
impozabil

700
800
900
147.000
100
200
300
400
500
600
700
800
900
148.000
100
200
300
400
500
600
700
800
900
149.000
100
200
300
400
500
600
700
800
900
150.000
100
200
300
400
500
600
700
800
900
151.000
100
200
300
400
500
600
700
800
900
152.000
100
200
300
400
500
600
700
800
900
153.000
100
200

Impozit
lunar

28.473
28.495
28.517
28.539
28.561
28.583
28.605
28.627
28.649
28.671
28.693
28.715
28.737
28.759
28.781
28.803
28.825
28.847
28.869
28.891
28.913
28.935
28.957
28.979
29.001
29.023
29.045
29.067
29.089
29.111
29.133
29.155
29.177
29.199
29.221
29.243
29.265
29.287
29.309
29.331
29.353
29.375
29.397
29.419
29.441
29.463
29.488
29.513
29.538
29.563
29.588
29.613
29.638
29.663
29.688
29.713
29.738
29.763
29.788
29.813
29.838
29.863
29.888
29.913
29.938
29.963

Venit lunar
impozabil

300
400
500
600
700
800
900
154.000
100
200
300
400
500
600
700
800
900
155.000
100
200
300
400
500
600
700
800
900
156.000
100
200
300
400
500
600
700
800
900
157.000
100
200
300
400
500
600
700
800
900
158.000
100
200
300
400
500
600
700
800
900
159.000
100
200
300
400
500
600
700
800

Impozit
lunar

29.988
30.013
30.038
30.063
30.088
30.113
30.138
30.163
30.188
30.213
30.238
30.263
30.288
30.313
30.338
30.363
30.388
30.413
30.438
30.463
30.488
30.513
30.538
30.563
30.588
30.613
30.638
30.663
30.688
30.713
30.738
30.763
30.788
30.813
30.838
30.863
30.888
30.913
30.938
30.963
30.988
31.013
31.038
31.063
31.088
31.113
31.138
31.163
31.188
31.213
31.238
31.263
31.288
31.313
31.338
31.363
31.388
31.413
31.438
31.463
31.488
31.513
31.538
31.563
31.588
31.613

Venit lunar
impozabil

900
160.000
100
200
300
400
500
600
700
800
900
161.000
100
200
300
400
500
600
700
800
900
162.000
100
200
300
400
500
600
700
800
900
163.000
100
200
300
400
500
600
700
800
900
164.000
100
200
300
400
500
600
700
800
900
165.000
100
200
300
400
500
600
700
800
900
166.000
100
200
300
400

Impozit
lunar

31.638
31.663
31.688
31.713
31.738
31.763
31.788
31.813
31.838
31.863
31.888
31.913
31.938
31.963
31.988
32.013
32.038
32.063
32.088
32.113
32.138
32.163
32.188
32.213
32.238
32.263
32.288
32.313
32.338
32.363
32.388
32.413
32.438
32.463
32.488
32.513
32.538
32.563
32.588
32.613
32.638
32.663
32.688
32.713
32.738
32.763
32.788
32.813
32.838
32.863
32.888
32.913
32.938
32.963
32.988
33.013
33.038
33.063
33.088
33.113
33.138
33.163
33.188
33.213
33.238
33.263

Venit lunar
impozabil

500
600
700
800
900
167.000
100
200
300
400
500
600
700
800
900
168.000
100
200
300
400
500
600
700
800
900
169.000
100
200
300
400
500
600
700
800
900
170.000
100
200
300
400
500
600
700
800
900
171.000
100
200
300
400
500
600
700
800
900
172.000
100
200
300
400
500
600
700
800
900
173.000

Impozit
lunar

33.288
33.313
33.338
33.363
33.388
33.413
33.438
33.463
33.488
33.513
33.538
33.563
33.588
33.613
33.638
33.663
33.688
33.713
33.738
33.763
33.788
33.813
33.838
33.863
33.888
33.913
33.938
33.963
33.988
34.013
34.038
34.063
34.088
34.113
34.138
34.163
34.188
34.213
34.238
34.263
34.288
34.313
34.338
34.363
34.388
34.413
34.438
34.463
34.488
34.513
34.538
34.563
34.588
34.613
34.638
34.663
34.688
34.713
34.738
34.763
34.788
34.813
34.838
34.863
34.888
34.913

MONITORUL OFICIAL AL ROMÂNIEI, PARTEA I, Nr. 283

7
Ñ lei Ñ

Venit lunar
impozabil

100
200
300
400
500
600
700
800
900
174.000
100
200
300
400
500
600
700
800
900
175.000
100
200
300
400
500
600
700
800
900
176.000
100
200
300
400
500
600
700
800
900
177.000
100
200
300
400
500
600
700
800
900
178.000
100
200
300
400
500
600
700
800
900
179.000
100
200
300
400
500

Impozit
lunar

34.938
34.963
34.988
35.013
35.038
35.063
35.088
35.113
35.138
35.163
35.188
35.213
35.238
35.263
35.288
35.313
35.338
35.363
35.388
35.413
35.438
35.463
35.488
35.513
35.538
35.563
35.588
35.613
35.638
35.663
35.688
35.713
35.738
35.763
35.788
35.813
35.838
35.863
35.888
35.913
35.938
35.963
35.988
36.013
36.038
36.063
36.088
36.113
36.138
36.163
36.188
36.213
36.238
36.263
36.288
36.313
36.338
36.363
36.388
36.413
36.438
36.463
36.488
36.513
36.538

Venit lunar
impozabil

600
700
800
900
180.000
100
200
300
400
500
600
700
800
900
181.000
100
200
300
400
500
600
700
800
900
182.000
100
200
300
400
500
600
700
800
900
183.000
100
200
300
400
500
600
700
800
900
184.000
100
200
300
400
500
600
700
800
900
185.000
100
200
300
400
500
600
700
800
900
186.000

Impozit
lunar

36.563
36.588
36.613
36.638
36.663
36.688
36.713
36.738
36.763
36.788
36.813
36.838
36.863
36.888
36.913
36.938
36.963
36.988
37.013
37.038
37.063
37.088
37.113
37.138
37.163
37.188
37.213
37.238
37.263
37.288
37.313
37.338
37.363
37.388
37.413
37.438
37.463
37.488
37.513
37.538
37.563
37.588
37.613
37.638
37.663
37.688
37.713
37.738
37.763
37.788
37.813
37.838
37.863
37.888
37.913
37.938
37.963
37.988
38.013
38.038
38.063
38.088
38.113
38.138
38.163

Venit lunar
impozabil

100
200
300
400
500
600
700
800
900
187.000
100
200
300
400
500
600
700
800
900
188.000
100
200
300
400
500
600
700
800
900
189.000
100
200
300
400
500
600
700
800
900
190.000
100
200
300
400
500
600
700
800
900
191.000
100
200
300
400
500
600
700
800
900
192.000
100
200
300
400
500

Impozit
lunar

38.188
38.213
38.238
38.263
38.288
38.313
38.338
38.636
38.388
38.413
38.438
38.463
38.488
38.513
38.538
38.563
38.588
38.613
38.638
38.663
38.688
38.713
38.738
38.763
38.788
38.813
38.838
38.863
38.888
38.913
38.938
38.963
38.988
39.013
39.038
39.063
39.088
39.113
39.138
39.163
39.188
39.213
39.238
39.263
39.288
39.313
39.338
39.363
39.388
39.413
39.438
39.463
39.488
39.513
39.538
39.563
39.588
39.613
39.638
39.663
39.688
39.713
39.738
39.763
39.788

Venit lunar
impozabil

600
700
800
900
193.000
100
200
300
400
500
600
700
800
900
194.000
100
200
300
400
500
600
700
800
900
195.000
100
200
300
400
500
600
700
800
900
196.000
100
200
300
400
500
600
700
800
900
197.000
100
200
300
400
500
600
700
800
900
198.000
100
200
300
400
500
600
700
800
900
199.000

Impozit
lunar

39.813
39.838
39.863
39.888
39.913
39.938
39.963
39.988
40.013
40.038
40.063
40.088
40.113
40.138
40.163
40.188
40.213
40.238
40.263
40.288
40.313
40.338
40.363
40.388
40.413
40.438
40.463
40.488
40.513
40.538
40.563
40.588
40.613
40.638
40.663
40.688
40.713
40.738
40.763
40.788
40.813
40.838
40.863
40.888
40.913
40.938
40.963
40.988
41.013
41.038
41.063
41.088
41.113
41.138
41.163
41.188
41.213
41.238
41.263
41.288
41.313
41.338
41.363
41.388
41.413

Venit lunar
impozabil

100
200
300
400
500
600
700
800
900
200.000
100
200
300
400
500
600
700
800
900
201.000
100
200
300
400
500
600
700
800
900
202.000
100
200
300
400
500
600
700
800
900
203.000
100
200
300
400
500
600
700
800
900
204.000
100
200
300
400
500
600
700
800
900
205.000
100
200
300
400
500

Impozit
lunar

41.438
41.463
41.488
41.513
41.538
41.563
41.588
41.613
41.638
41.663
41.688
41.713
41.738
41.763
41.788
41.813
41.838
41.863
41.888
41.913
41.938
41.963
41.988
42.013
42.038
42.063
42.088
42.113
42.138
42.163
42.188
42.213
42.238
42.263
42.288
42.313
42.338
42.363
42.388
42.413
42.438
42.463
42.488
42.513
42.538
42.563
42.588
42.613
42.638
42.663
42.688
42.713
42.738
42.763
42.788
42.813
42.838
42.863
42.888
42.913
42.938
42.963
42.988
43.013
43.038

8

MONITORUL OFICIAL AL ROMÂNIEI, PARTEA I, Nr.283
Ñ lei Ñ

Venit lunar
impozabil

600
700
800
900
206.000
100
200
300
400
500
600
700
800
900
207.000
100
200
300
400
500
600
700
800
900
208.000
100
200
300
400
500
600
700
800
900
209.000
100
200
300
400
500
600
700
800
900
210.000
100
200
300
400
500
600
700
800
900
211.000
100
200
300
400
500
600
700
800
900
212.000

Impozit
lunar

43.063
43.088
43.113
43.138
43.163
43.188
43.213
43.238
43.263
43.288
43.313
43.338
43.363
43.388
43.413
43.438
43.463
43.488
43.513
43.538
43.563
43.588
43.613
43.638
43.663
43.688
43.713
43.738
43.763
43.788
43.813
43.838
43.863
43.888
43.913
43.938
43.963
43.988
44.013
44.038
44.063
44.088
44.113
44.138
44.163
44.188
44.213
44.238
44.263
44.288
44.313
44.338
44.363
44.388
44.413
44.438
44.463
44.488
44.513
44.538
44.563
44.588
44.613
44.638
44.663

Venit lunar
impozabil

100
200
300
400
500
600
700
800
900
213.000
100
200
300
400
500
600
700
800
900
214.000
100
200
300
400
500
600
700
800
900
215.000
100
200
300
400
500
600
700
800
900
216.000
100
200
300
400
500
600
700
800
900
217.000
100
200
300
400
500
600
700
800
900
218.000
100
200
300
400
500

Impozit
lunar

44.688
44.713
44.738
44.763
44.788
44.813
44.838
44.863
44.888
44.913
44.938
44.963
44.988
45.013
45.038
45.063
45.088
45.113
45.138
45.163
45.188
45.213
45.238
45.263
45.288
45.313
45.338
45.363
45.388
45.413
45.438
45.463
45.488
45.513
45.538
45.563
45.588
45.613
45.638
45.663
45.688
45.713
45.738
45.763
45.788
45.813
45.838
45.863
45.888
45.913
45.938
45.963
45.988
46.013
46.038
46.063
46.088
46.113
46.138
46.163
46.188
46.213
46.238
46.263
46.288

Venit lunar
impozabil

600
700
800
900
219.000
100
200
300
400
500
600
700
800
900
220.000
100
200
300
400
500
600
700
800
900
221.000
100
200
300
400
500
600
700
800
900
222.000
100
200
300
400
500
600
700
800
900
223.000
100
200
300
400
500
600
700
800
900
224.000
100
200
300
400
500
600
700
800
900
225.000

Impozit
lunar

46.313
46.338
46.363
46.388
46.413
46.438
46.463
46.488
46.513
46.538
46.563
46.588
46.613
46.638
46.663
46.688
46.713
46.738
46.763
46.788
46.813
46.838
46.863
46.888
46.913
46.938
46.963
46.988
47.013
47.038
47.063
47.088
47.113
47.138
47.163
47.188
47.213
47.238
47.263
47.288
47.313
47.338
47.363
47.388
47.413
47.438
47.463
47.488
47.513
47.538
47.563
47.588
47.613
47.638
47.663
47.688
47.713
47.738
47.763
47.788
47.813
47.838
47.863
47.888
47.913

Venit lunar
impozabil

100
200
300
400
500
600
700
800
900
226.000
100
200
300
400
500
600
700
800
900
227.000
100
200
300
400
500
600
700
800
900
228.000
100
200
300
400
500
600
700
800
900
229.000
100
200
300
400
500
600
700
800
900
230.000
100
200
300
400
500
600
700
800
900
231.000
100
200
300
400
500

Impozit
lunar

47.938
47.963
47.988
48.013
48.038
48.063
48.088
48.113
48.138
48.163
48.188
48.213
48.238
48.263
48.288
48.313
48.338
48.363
48.391
48.419
48.447
48.475
48.503
48.531
48.559
48.587
48.615
48.643
48.671
48.699
48.727
48.755
48.783
48.811
48.839
48.867
48.895
48.923
48.951
48.979
49.007
49.035
49.063
49.091
49.119
49.147
49.175
49.203
49.231
49.259
49.287
49.315
49.343
49.371
49.399
49.427
49.455
49.483
49.511
49.539
49.567
49.595
49.623
49.651
49.679

Venit lunar
impozabil

600
700
800
900
232.000
100
200
300
400
500
600
700
800
900
233.000
100
200
300
400
500
600
700
800
900
234.000
100
200
300
400
500
600
700
800
900
235.000
100
200
300
400
500
600
700
800
900
236.000
100
200
300
400
500
600
700
800
900
237.000
100
200
300
400
500
600
700
800
900
238.000

Impozit
lunar

49.707
49.735
49.763
49.791
49.819
49.847
49.875
49.903
49.931
49.959
49.987
50.015
50.043
50.071
50.099
50.127
50.155
50.183
50.211
50.239
50.267
50.295
50.323
50.351
50.379
50.407
50.435
50.463
50.491
50.519
50.547
50.575
50.603
50.631
50.659
50.687
50.715
50.743
50.771
50.799
50.827
50.855
50.883
50.911
50.939
50.967
50.995
51.023
51.051
51.079
51.107
51.135
51.163
51.191
51.219
51.247
51.275
51.303
51.331
51.359
51.387
51.415
51.443
51.471
51.499

MONITORUL OFICIAL AL ROMÂNIEI, PARTEA I, Nr. 283

9
Ñ lei Ñ

Venit lunar
impozabil

100
200
300
400
500
600
700
800
900
239.000
100
200
300
400
500
600
700
800
900
240.000
100
200
300
400
500
600
700
800
900
241.000
100
200
300
400
500
600
700
800
900
242.000
100
200
300
400
500
600
700
800
900
243.000
100
200
300
400
500
600
700
800
900
244.000
100
200
300
400
500

Impozit
lunar

51.527
51.555
51.583
51.611
51.639
51.667
51.695
51.723
51.751
51.779
51.807
51.835
51.863
51.891
51.919
51.947
51.975
52.003
52.031
52.059
52.087
52.115
52.143
52.171
52.199
52.227
52.255
52.283
52.311
52.339
52.367
52.395
52.423
52.451
52.479
52.507
52.535
52.563
52.591
52.619
52.647
52.675
52.703
52.731
52.759
52.787
52.815
52.843
52.871
52.899
52.927
52.955
52.983
53.011
53.039
53.067
53.095
53.123
53.151
53.179
53.207
53.235
53.263
53.291
53.319

Venit lunar
impozabil

600
700
800
900
245.000
100
200
300
400
500
600
700
800
900
246.000
100
200
300
400
500
600
700
800
900
247.000
100
200
300
400
500
600
700
800
900
248.000
100
200
300
400
500
600
700
800
900
249.000
100
200
300
400
500
600
700
800
900
250.000
100
200
300
400
500
600
700
800
900
251.000

Impozit
lunar

53.347
53.375
53.403
53.431
53.459
53.487
53.515
53.543
53.571
53.599
53.627
53.655
53.683
53.711
53.739
53.767
53.795
53.823
53.851
53.879
53.907
53.935
53.963
53.991
54.019
54.047
54.075
54.103
54.131
54.159
54.187
54.215
54.243
54.271
54.299
54.327
54.355
54.383
54.411
54.439
54.467
54.495
54.523
54.551
54.579
54.607
54.635
54.663
54.691
54.719
54.747
54.775
54.803
54.831
54.859
54.887
54.915
54.943
54.971
54.999
55.027
55.055
55.083
55.111
55.139

Venit lunar
impozabil

100
200
300
400
500
600
700
800
900
252.000
100
200
300
400
500
600
700
800
900
253.000
100
200
300
400
500
600
700
800
900
254.000
100
200
300
400
500
600
700
800
900
255.000
100
200
300
400
500
600
700
800
900
256.000
100
200
300
400
500
600
700
800
900
257.000
100
200
300
400
500

Impozit
lunar

55.167
55.195
55.223
55.251
55.279
55.307
55.335
55.363
55.391
55.419
55.447
55.475
55.503
55.531
55.559
55.587
55.615
55.643
55.671
55.699
55.727
55.755
55.783
55.811
55.839
55.867
55.895
55.923
55.951
55.979
56.007
56.035
56.063
56.091
56.119
56.147
56.175
56.203
56.231
56.259
56.287
56.315
56.343
56.371
56.399
56.427
56.455
56.483
56.511
56.539
56.567
56.595
56.623
56.651
56.679
56.707
56.735
56.763
56.791
56.819
56.847
56.875
56.903
56.931
56.959

Venit lunar
impozabil

600
700
800
900
258.000
100
200
300
400
500
600
700
800
900
259.000
100
200
300
400
500
600
700
800
900
260.000
100
200
300
400
500
600
700
800
900
261.000
100
200
300
400
500
600
700
800
900
262.000
100
200
300
400
500
600
700
800
900
263.000
100
200
300
400
500
600
700
800
900
264.000

Impozit
lunar

56.987
57.015
57.043
57.071
57.099
57.127
57.155
57.183
57.211
57.239
57.267
57.295
57.323
57.351
57.379
57.407
57.435
57.463
57.491
57.519
57.547
57.575
57.603
57.631
57.659
57.687
57.715
57.743
57.771
57.799
57.827
57.855
57.883
57.911
57.939
57.967
57.995
58.023
58.051
58.079
58.107
58.135
58.163
58.191
58.219
58.247
58.275
58.303
58.331
58.359
58.387
58.415
58.443
58.471
58.499
58.527
58.555
58.583
58.611
58.639
58.667
58.695
58.723
58.751
58.779

Venit lunar
impozabil

100
200
300
400
500
600
700
800
900
265.000
100
200
300
400
500
600
700
800
900
266.000
100
200
300
400
500
600
700
800
900
267.000
100
200
300
400
500
600
700
800
900
268.000
100
200
300
400
500
600
700
800
900
269.000
100
200
300
400
500
600
700
800
900
270.000
100
200
300
400
500

Impozit
lunar

58.807
58.835
58.863
58.891
58.919
58.947
58.975
59.003
59.031
59.059
59.087
59.115
59.143
59.171
59.199
59.227
59.255
59.283
59.311
59.339
59.367
59.395
59.423
59.451
59.479
59.507
59.535
59.563
59.591
59.619
59.647
59.675
59.703
59.731
59.759
59.787
59.815
59.843
59.871
59.899
59.927
59.955
59.983
60.011
60.039
60.067
60.095
60.123
60.151
60.179
60.207
60.235
60.263
60.291
60.319
60.347
60.375
60.403
60.431
60.459
60.487
60.515
60.543
60.571
60.599

10

MONITORUL OFICIAL AL ROMÂNIEI, PARTEA I, Nr.283
Ñ lei Ñ

Venit lunar
impozabil

600
700
800
900
271.000
100
200
300
400
500
600
700
800
900
272.000
100
200
300
400
500
600
700
800
900
273.000
100
200
300
400
500
600
700
800
900
274.000
100
200
300
400
500
600
700
800
900
275.000
100
200
300
400
500
600
700
800
900
276.000
100
200
300
400
500
600
700
800
900
277.000

Impozit
lunar

60.627
60.655
60.683
60.711
60.739
60.767
60.795
60.823
60.851
60.879
60.907
60.935
60.963
60.991
61.019
61.047
61.075
61.103
61.131
61.159
61.187
61.215
61.243
61.271
61.299
61.327
61.355
61.383
61.411
61.439
61.467
61.495
61.523
61.551
61.579
61.607
61.635
61.663
61.691
61.719
61.747
61.775
61.803
61.831
61.859
61.887
61.915
61.943
61.971
61.999
62.027
62.055
62.083
62.111
62.139
62.167
62.195
62.223
62.251
62.279
62.307
62.335
62.363
62.391
62.419

Venit lunar
impozabil

100
200
300
400
500
600
700
800
900
278.000
100
200
300
400
500
600
700
800
900
279.000
100
200
300
400
500
600
700
800
900
280.000
100
200
300
400
500
600
700
800
900
281.000
100
200
300
400
500
600
700
800
900
282.000
100
200
300
400
500
600
700
800
900
283.000
100
200
300
400
500

Impozit
lunar

62.447
62.475
62.503
62.531
62.559
62.587
62.615
62.643
62.671
62.699
62.727
62.755
62.783
62.811
62.839
62.867
62.895
62.923
62.951
62.979
63.007
63.035
63.063
63.091
63.119
63.147
63.175
63.203
63.231
63.259
63.287
63.315
63.343
63.371
63.399
63.427
63.455
63.483
63.511
63.539
63.567
63.595
63.623
63.651
63.679
63.707
63.735
63.763
63.791
63.819
63.847
63.875
63.903
63.931
63.959
63.987
64.015
64.043
64.071
64.099
64.127
64.155
64.183
64.211
64.239

Venit lunar
impozabil

600
700
800
900
284.000
100
200
300
400
500
600
700
800
900
285.000
100
200
300
400
500
600
700
800
900
286.000
100
200
300
400
500
600
700
800
900
287.000
100
200
300
400
500
600
700
800
900
288.000
100
200
300
400
500
600
700
800
900
289.000
100
200
300
400
500
600
700
800
900
290.000

Impozit
lunar

64.267
64.295
64.323
64.351
64.379
64.407
64.435
64.463
64.491
64.519
64.547
64.575
64.603
64.631
64.659
64.687
64.715
64.743
64.771
64.799
64.827
64.855
64.883
64.911
64.939
64.967
64.995
65.023
65.051
65.079
65.107
65.135
65.163
65.191
65.219
65.247
65.275
65.303
65.331
65.359
65.387
65.415
65.443
65.471
65.499
65.527
65.555
65.583
65.611
65.639
65.667
65.695
65.723
65.751
65.779
65.807
65.835
65.863
65.891
65.919
65.947
65.975
66.003
66.031
66.059

Venit lunar
impozabil

100
200
300
400
500
600
700
800
900
291.000
100
200
300
400
500
600
700
800
900
292.000
100
200
300
400
500
600
700
800
900
293.000
100
200
300
400
500
600
700
800
900
294.000
100
200
300
400
500
600
700
800
900
295.000
100
200
300
400
500
600
700
800
900
296.000
100
200
300
400
500

Impozit
lunar

66.087
66.115
66.143
66.171
66.199
66.227
66.255
66.283
66.311
66.339
66.367
66.395
66.423
66.451
66.479
66.507
66.535
66.563
66.591
66.619
66.647
66.675
66.703
66.731
66.759
66.787
66.815
66.843
66.871
66.899
66.927
66.955
66.983
67.011
67.039
67.067
67.095
67.123
67.151
67.179
67.207
67.235
67.263
67.291
67.319
67.347
67.375
67.403
67.431
67.459
67.487
67.515
67.543
67.571
67.599
67.627
67.655
67.683
67.711
67.739
67.767
67.795
67.823
67.851
67.879

Venit lunar
impozabil

600
700
800
900
297.000
100
200
300
400
500
600
700
800
900
298.000
100
200
300
400
500
600
700
800
900
299.000
100
200
300
400
500
600
700
800
900
300.000
100
200
300
400
500
600
700
800
900
301.000
100
200
300
400
500
600
700
800
900
302.000
100
200
300
400
500
600
700
800
900
303.000

Impozit
lunar

67.907
67.935
67.963
67.991
68.019
68.047
68.075
68.103
68.131
68.159
68.187
68.215
68.243
68.271
68.299
68.327
68.355
68.383
68.411
68.439
68.467
68.495
68.523
68.551
68.579
68.607
68.635
68.663
68.691
68.719
68.747
68.775
68.803
68.831
68.859
68.887
68.915
68.943
68.971
68.999
69.027
69.055
69.083
69.111
69.139
69.167
69.195
69.223
69.251
69.279
69.307
69.335
69.363
69.391
69.419
69.447
69.475
69.503
69.531
69.559
69.587
69.615
69.643
69.671
69.699

MONITORUL OFICIAL AL ROMÂNIEI, PARTEA I, Nr. 283

11
Ñ lei Ñ

Venit lunar
impozabil

100
200
300
400
500
600
700
800
900
304.000
100
200
300
400
500
600
700
800
900
305.000
100
200
300
400
500
600
700
800
900
306.000
100
200
300
400
500
600
700
800
900
307.000
100
200
300
400
500
600
700
800
900
308.000
100
200
300
400
500
600
700
800
900
309.000
100
200
300
400
500

Impozit
lunar

69.727
69.759
69.791
69.823
69.855
69.887
69.919
69.951
69.983
70.015
70.047
70.079
70.111
70.143
70.175
70.207
70.239
70.271
70.303
70.335
70.367
70.399
70.431
70.463
70.495
70.527
70.559
70.591
70.623
70.655
70.687
70.719
70.751
70.783
70.815
70.847
70.879
70.911
70.943
70.975
71.007
71.039
71.071
71.103
71.135
71.167
71.199
71.231
71.263
71.295
71.327
71.359
71.391
71.423
71.455
71.487
71.519
71.551
71.583
71.615
71.647
71.679
71.711
71.743
71.775

Venit lunar
impozabil

600
700
800
900
310.000
100
200
300
400
500
600
700
800
900
311.000
100
200
300
400
500
600
700
800
900
312.000
100
200
300
400
500
600
700
800
900
313.000
100
200
300
400
500
600
700
800
900
314.000
100
200
300
400
500
600
700
800
900
315.000
100
200
300
400
500
600
700
800
900
316.000

Impozit
lunar

71.807
71.839
71.871
71.903
71.935
71.967
71.999
72.031
72.063
72.095
72.127
72.159
72.191
72.223
72.255
72.287
72.319
72.351
72.383
72.415
72.447
72.479
72.511
72.543
72.575
72.607
72.639
72.671
72.703
72.735
72.767
72.799
72.831
72.863
72.895
72.927
72.959
72.991
73.023
73.055
73.087
73.119
73.151
73.183
73.215
73.247
73.279
73.311
73.343
73.375
73.407
73.439
73.471
73.503
73.535
73.567
73.599
73.631
73.663
73.695
73.727
73.759
73.791
73.823
73.855

Venit lunar
impozabil

100
200
300
400
500
600
700
800
900
317.000
100
200
300
400
500
600
700
800
900
318.000
100
200
300
400
500
600
700
800
900
319.000
100
200
300
400
500
600
700
800
900
320.000
100
200
300
400
500
600
700
800
900
321.000
100
200
300
400
500
600
700
800
900
322.000
100
200
300
400
500

Impozit
lunar

73.887
73.919
73.951
73.983
74.015
74.047
74.079
74.111
74.143
74.175
74.207
74.239
74.271
74.303
74.335
74.367
74.399
74.431
74.463
74.495
74.527
74.559
74.591
74.623
74.655
74.687
74.719
74.751
74.783
74.815
74.847
74.879
74.911
74.943
74.975
75.007
75.039
75.071
75.103
75.135
75.167
75.199
75.231
75.263
75.295
75.327
75.359
75.391
75.423
75.455
75.487
75.519
75.551
75.583
75.615
75.647
75.679
75.711
75.743
75.775
75.807
75.839
75.871
75.903
75.935

Venit lunar
impozabil

600
700
800
900
323.000
100
200
300
400
500
600
700
800
900
324.000
100
200
300
400
500
600
700
800
900
325.000
100
200
300
400
500
600
700
800
900
326.000
100
200
300
400
500
600
700
800
900
327.000
100
200
300
400
500
600
700
800
900
328.000
100
200
300
400
500
600
700
800
900
329.000

Impozit
lunar

75.967
75.999
76.031
76.063
76.095
76.127
76.159
76.191
76.223
76.255
76.287
76.319
76.351
76.383
76.415
76.447
76.479
76.511
76.543
76.575
76.607
76.639
76.671
76.703
76.735
76.767
76.799
76.831
76.863
76.895
76.927
76.959
76.991
77.023
77.055
77.087
77.119
77.151
77.183
77.215
77.247
77.279
77.311
77.343
77.375
77.407
77.439
77.471
77.503
77.535
77.567
77.599
77.631
77.663
77.695
77.727
77.759
77.791
77.823
77.855
77.887
77.919
77.951
77.983
78.015

Venit lunar
impozabil

100
200
300
400
500
600
700
800
900
330.000
100
200
300
400
500
600
700
800
900
331.000
100
200
300
400
500
600
700
800
900
332.000
100
200
300
400
500
600
700
800
900
333.000
100
200
300
400
500
600
700
800
900
334.000
100
200
300
400
500
600
700
800
900
335.000
100
200
300
400
500

Impozit
lunar

78.047
78.079
78.111
78.143
78.175
78.207
78.239
78.271
78.303
78.335
78.367
78.399
78.431
78.463
78.495
78.527
78.559
78.591
78.623
78.655
78.687
78.719
78.751
78.783
78.815
78.847
78.879
78.911
78.943
78.975
79.007
79.039
79.071
79.103
79.135
79.167
79.199
79.231
79.263
79.295
79.327
79.359
79.391
79.423
79.455
79.487
79.519
79.551
79.583
79.615
79.647
79.679
79.711
79.743
79.775
79.807
79.839
79.871
79.903
79.935
79.967
79.999
80.031
80.063
80.095

12

MONITORUL OFICIAL AL ROMÂNIEI, PARTEA I, Nr.283
Ñ lei Ñ

Venit lunar
impozabil

600
700
800
900
336.000
100
200
300
400
500
600
700
800
900
337.000
100
200
300
400
500
600
700
800
900
338.000
100
200
300
400
500
600
700
800
900
339.000
100
200
300
400
500
600
700
800
900
340.000
100
200
300
400
500
600
700
800
900
341.000
100
200
300
400
500
600
700
800
900
342.000

Impozit
lunar

80.127
80.159
80.191
80.223
80.255
80.287
80.319
80.351
80.383
80.415
80.447
80.479
80.511
80.543
80.575
80.607
80.639
80.671
80.703
80.735
80.767
80.799
80.831
80.863
80.895
80.927
80.959
80.991
81.023
81.055
81.087
81.119
81.151
81.183
81.215
81.247
81.279
81.311
81.343
81.375
81.407
81.439
81.471
81.503
81.535
81.567
81.599
81.631
81.663
81.695
81.727
81.759
81.791
81.823
81.855
81.887
81.919
81.951
81.983
82.015
82.047
82.079
82.111
82.143
82.175

Venit lunar
impozabil

100
200
300
400
500
600
700
800
900
343.000
100
200
300
400
500
600
700
800
900
344.000
100
200
300
400
500
600
700
800
900
345.000
100
200
300
400
500
600
700
800
900
346.000
100
200
300
400
500
600
700
800
900
347.000
100
200
300
400
500
600
700
800
900
348.000
100
200
300
400
500

Impozit
lunar

82.207
82.239
82.271
82.303
82.335
82.367
82.399
82.431
82.463
82.495
82.527
82.559
82.591
82.623
82.655
82.687
82.719
82.751
82.783
82.815
82.847
82.879
82.911
82.943
82.975
83.007
83.039
83.071
83.103
83.135
83.167
83.199
83.231
83.263
83.295
83.327
83.359
83.391
83.423
83.455
83.487
83.519
83.551
83.583
83.615
83.647
83.679
83.711
83.743
83.775
83.807
83.839
83.871
83.903
83.935
83.967
83.999
84.031
84.063
84.095
84.127
84.159
84.191
84.223
84.255

Venit lunar
impozabil

600
700
800
900
349.000
100
200
300
400
500
600
700
800
900
350.000
100
200
300
400
500
600
700
800
900
351.000
100
200
300
400
500
600
700
800
900
352.000
100
200
300
400
500
600
700
800
900
353.000
100
200
300
400
500
600
700
800
900
354.000
100
200
300
400
500
600
700
800
900
355.000

Impozit
lunar

84.287
84.319
84.351
84.383
84.415
84.447
84.479
84.511
84.543
84.575
84.607
84.639
84.671
84.703
84.735
84.767
84.799
84.831
84.863
84.895
84.927
84.959
84.991
85.023
85.055
85.087
85.119
85.151
85.183
85.215
85.247
85.279
85.311
85.343
85.375
85.407
85.439
85.471
85.503
85.535
85.567
85.599
85.631
85.663
85.695
85.727
85.759
85.791
85.823
85.855
85.887
85.919
85.951
85.983
86.015
86.047
86.079
86.111
86.143
86.175
86.207
86.239
86.271
86.303
86.335

Venit lunar
impozabil

100
200
300
400
500
600
700
800
900
356.000
100
200
300
400
500
600
700
800
900
357.000
100
200
300
400
500
600
700
800
900
358.000
100
200
300
400
500
600
700
800
900
359.000
100
200
300
400
500
600
700
800
900
360.000
100
200
300
400
500
600
700
800
900
361.000
100
200
300
400
500

Impozit
lunar

86.367
86.399
86.431
86.463
86.495
86.527
86.559
86.591
86.623
86.655
86.687
86.719
86.751
86.783
86.815
86.847
86.879
86.911
86.943
86.975
87.007
87.039
87.071
87.103
87.135
87.167
87.199
87.231
87.263
87.295
87.327
87.359
87.391
87.423
87.455
87.487
87.519
87.551
87.583
87.615
87.647
87.679
87.711
87.743
87.775
87.807
87.839
87.871
87.903
87.935
87.967
87.999
88.031
88.063
88.095
88.127
88.159
88.191
88.223
88.255
88.287
88.319
88.351
88.383
88.415

Venit lunar
impozabil

600
700
800
900
362.000
100
200
300
400
500
600
700
800
900
363.000
100
200
300
400
500
600
700
800
900
364.000
100
200
300
400
500
600
700
800
900
365.000
100
200
300
400
500
600
700
800
900
366.000
100
200
300
400
500
600
700
800
900
367.000
100
200
300
400
500
600
700
800
900
368.000

Impozit
lunar

88.447
88.479
88.511
88.543
88.575
88.607
88.639
88.671
88.703
88.735
88.767
88.799
88.831
88.863
88.895
88.927
88.959
88.991
89.023
89.055
89.087
89.119
89.151
89.183
89.215
89.247
89.279
89.311
89.343
89.375
89.407
89.439
89.471
89.503
89.535
89.567
89.599
89.631
89.663
89.695
89.727
89.759
89.791
89.823
89.855
89.887
89.919
89.951
89.983
90.015
90.047
90.079
90.111
90.143
90.175
90.207
90.239
90.271
90.303
90.335
90.367
90.399
90.431
90.463
90.495

MONITORUL OFICIAL AL ROMÂNIEI, PARTEA I, Nr. 283

13
Ñ lei Ñ

Venit lunar
impozabil

100
200
300
400
500
600
700
800
900
369.000
100
200
300
400
500
600
700
800
900
370.000
100
200
300
400
500
600
700
800
900
371.000
100
200
300
400
500
600
700
800
900
372.000
100
200
300
400
500
600
700
800
900
373.000
100
200
300
400
500
600
700
800
900
374.000
100
200
300
400
500

Impozit
lunar

90.527
90.559
90.591
90.623
90.655
90.687
90.719
90.751
90.783
90.815
90.847
90.879
90.911
90.943
90.975
91.007
91.039
91.071
91.103
91.135
91.167
91.199
91.231
91.263
91.295
91.327
91.359
91.391
91.423
91.455
91.487
91.519
91.551
91.583
91.615
91.647
91.679
91.711
91.743
91.775
91.807
91.839
91.871
91.903
91.935
91.967
91.999
92.031
92.063
92.095
92.127
92.159
92.191
92.223
92.255
92.287
92.319
92.351
92.383
92.415
92.447
92.479
92.511
92.543
92.575

Venit lunar
impozabil

600
700
800
900
375.000
100
200
300
400
500
600
700
800
900
376.000
100
200
300
400
500
600
700
800
900
377.000
100
200
300
400
500
600
700
800
900
378.000
100
200
300
400
500
600
700
800
900
379.000
100
200
300
400
500
600
700
800
900
380.000
100
200
300
400
500
600
700
800
900
381.000

Impozit
lunar

92.607
92.639
92.671
92.703
92.735
92.767
92.799
92.831
92.863
92.895
92.927
92.959
92.991
93.023
93.055
93.087
93.119
93.151
93.183
93.215
93.247
93.279
93.311
93.343
93.375
93.407
93.439
93.471
93.503
93.535
93.567
93.599
93.631
93.663
93.695
93.727
93.759
93.791
93.827
93.863
93.899
93.935
93.971
94.007
94.043
94.079
94.115
94.151
94.187
94.223
94.259
94.295
94.331
94.367
94.403
94.439
94.475
94.511
94.547
94.583
94.619
94.655
94.691
94.727
94.763

Venit lunar
impozabil

100
200
300
400
500
600
700
800
900
382.000
100
200
300
400
500
600
700
800
900
383.000
100
200
300
400
500
600
700
800
900
384.000
100
200
300
400
500
600
700
800
900
385.000
100
200
300
400
500
600
700
800
900
386.000
100
200
300
400
500
600
700
800
900
387.000
100
200
300
400
500

Impozit
lunar

94.799
94.835
94.871
94.907
94.943
94.979
95.015
95.051
95.087
95.123
95.159
95.195
95.231
95.267
95.303
95.339
95.375
95.411
95.447
95.483
95.519
95.555
95.591
95.627
95.663
95.699
95.735
95.771
95.807
95.843
95.879
95.915
95.951
95.987
96.023
96.059
96.095
96.131
96.167
96.203
96.239
96.275
96.311
96.347
96.383
96.419
96.455
96.491
96.527
96.563
96.599
96.635
96.671
96.707
96.743
96.779
96.815
96.851
96.887
96.923
96.959
96.995
97.031
97.067
97.103

Venit lunar
impozabil

600
700
800
900
388.000
100
200
300
400
500
600
700
800
900
389.000
100
200
300
400
500
600
700
800
900
390.000
100
200
300
400
500
600
700
800
900
391.000
100
200
300
400
500
600
700
800
900
392.000
100
200
300
400
500
600
700
800
900
393.000
100
200
300
400
500
600
700
800
900
394.000

Impozit
lunar

97.139
97.175
97.211
97.247
97.283
97.319
97.355
97.391
97.427
97.463
97.499
97.535
97.571
97.607
97.643
97.679
97.715
97.751
97.787
97.823
97.859
97.895
97.931
97.967
98.003
98.039
98.075
98.111
98.147
98.183
98.219
98.255
98.291
98.327
98.363
98.399
98.435
98.471
98.507
98.543
98.579
98.615
98.651
98.687
98.723
98.759
98.795
98.831
98.867
98.903
98.939
98.975
99.011
99.047
99.083
99.119
99.155
99.191
99.227
99.263
99.299
99.335
99.371
99.407
99.443

Venit lunar
impozabil

100
200
300
400
500
600
700
800
900
395.000
100
200
300
400
500
600
700
800
900
396.000
100
200
300
400
500
600
700
800
900
397.000
100
200
300
400
500
600
700
800
900
398.000
100
200
300
400
500
600
700
800
900
399.000
100
200
300
400
500
600
700
800
900
400.000
100
200
300
400
500

Impozit
lunar

99.479
99.515
99.551
99.587
99.623
99.659
99.695
99.731
99.767
99.803
99.839
99.875
99.911
99.947
99.983
100.019
100.055
100.091
100.127
100.163
100.199
100.235
100.271
100.307
100.343
100.379
100.415
100.451
100.487
100.523
100.559
100.595
100.631
100.667
100.703
100.739
100.775
100.811
100.847
100.883
100.919
100.955
100.991
101.027
101.063
101.099
101.135
101.171
101.207
101.243
101.279
101.315
101.351
101.387
101.423
101.459
101.495
101.531
101.567
101.603
101.639
101.675
101.711
101.747
101.783

14

MONITORUL OFICIAL AL ROMÂNIEI, PARTEA I, Nr.283
Ñ lei Ñ

Venit lunar
impozabil

600
700
800
900
401.000
100
200
300
400
500
600
700
800
900
402.000
100
200
300
400
500
600
700
800
900
403.000
100
200
300
400
500
600
700
800
900
404.000
100
200
300
400
500
600
700
800
900
405.000
100
200
300
400
500
600
700
800
900
406.000
100
200
300
400
500
600
700
800
900
407.000

Impozit
lunar

101.819
101.855
101.891
101.927
101.963
101.999
102.035
102.071
102.107
102.143
102.179
102.215
102.251
102.287
102.323
102.359
102.395
102.431
102.467
102.503
102.539
102.575
102.611
102.647
102.683
102.719
102.755
102.791
102.827
102.863
102.899
102.935
102.971
103.007
103.043
103.079
103.115
103.151
103.187
103.223
103.259
103.295
103.331
103.367
103.403
103.439
103.475
103.511
103.547
103.583
103.619
103.655
103.691
103.727
103.763
103.799
103.835
103.871
103.907
103.943
103.979
104.015
104.051
104.087
104.123

Venit lunar
impozabil

100
200
300
400
500
600
700
800
900
408.000
100
200
300
400
500
600
700
800
900
409.000
100
200
300
400
500
600
700
800
900
410.000
100
200
300
400
500
600
700
800
900
411.000
100
200
300
400
500
600
700
800
900
412.000
100
200
300
400
500
600
700
800
900
413.000
100
200
300
400
500

Impozit
lunar

104.159
104.195
104.231
104.267
104.303
104.339
104.375
104.411
104.447
104.483
104.519
104.555
104.591
104.627
104.663
104.699
104.735
104.771
104.807
104.843
104.879
104.915
104.951
104.987
105.023
105.059
105.095
105.131
105.167
105.203
105.239
105.275
105.311
105.347
105.383
105.419
105.455
105.491
105.527
105.563
105.599
105.635
105.671
105.707
105.743
105.779
105.815
105.851
105.887
105.923
105.959
105.995
106.031
106.067
106.103
106.139
106.175
106.211
106.247
106.283
106.319
106.355
106.391
106.427
106.463

Venit lunar
impozabil

600
700
800
900
414.000
100
200
300
400
500
600
700
800
900
415.000
100
200
300
400
500
600
700
800
900
416.000
100
200
300
400
500
600
700
800
900
417.000
100
200
300
400
500
600
700
800
900
418.000
100
200
300
400
500
600
700
800
900
419.000
100
200
300
400
500
600
700
800
900
420.000

Impozit
lunar

106.499
106.535
106.571
106.607
106.643
106.679
106.715
106.751
106.787
106.823
106.859
106.895
106.931
106.967
107.003
107.039
107.075
107.111
107.147
107.183
107.219
107.255
107.291
107.327
107.363
107.399
107.435
107.471
107.507
107.543
107.579
107.615
107.651
107.687
107.723
107.759
107.795
107.831
107.867
107.903
107.939
107.975
108.011
108.047
108.083
108.119
108.155
108.191
108.227
108.263
108.299
108.335
108.371
108.407
108.443
108.479
108.515
108.551
108.587
108.623
108.659
108.695
108.731
108.767
108.803

Venit lunar
impozabil

100
200
300
400
500
600
700
800
900
421.000
100
200
300
400
500
600
700
800
900
422.000
100
200
300
400
500
600
700
800
900
423.000
100
200
300
400
500
600
700
800
900
424.000
100
200
300
400
500
600
700
800
900
425.000
100
200
300
400
500
600
700
800
900
426.000
100
200
300
400
500

Impozit
lunar

108.839
108.875
108.911
108.947
108.983
109.019
109.055
109.091
109.127
109.163
109.199
109.235
109.271
109.307
109.343
109.379
109.415
109.451
109.487
109.523
109.559
109.595
109.631
109.667
109.703
109.739
109.775
109.811
109.847
109.883
109.919
109.955
109.991
110.027
110.063
110.099
110.135
110.171
110.207
110.243
110.279
110.315
110.351
110.387
110.423
110.459
110.495
110.531
110.567
110.603
110.639
110.675
110.711
110.747
110.783
110.819
110.855
110.891
110.927
110.963
110.999
111.035
111.071
111.107
111.143

Venit lunar
impozabil

600
700
800
900
427.000
100
200
300
400
500
600
700
800
900
428.000
100
200
300
400
500
600
700
800
900
429.000
100
200
300
400
500
600
700
800
900
430.000
100
200
300
400
500
600
700
800
900
431.000
100
200
300
400
500
600
700
800
900
432.000
100
200
300
400
500
600
700
800
900
433.000
100
200

Impozit
lunar

111.179
111.215
111.251
111.287
111.323
111.359
111.395
111.431
111.467
111.503
111.539
111.575
111.611
111.647
111.683
111.719
111.755
111.791
111.827
111.863
111.899
111.935
111.971
112.007
112.043
112.079
112.115
112.151
112.187
112.223
112.259
112.295
112.331
112.367
112.403
112.439
112.475
112.511
112.547
112.583
112.619
112.655
112.691
112.727
112.763
112.799
112.835
112.871
112.907
112.943
112.979
113.015
113.051
113.087
113.123
113.159
113.195
113.231
113.267
113.303
113.339
113.375
113.411
113.447
113.483
113.519
113.555

MONITORUL OFICIAL AL ROMÂNIEI, PARTEA I, Nr.

15

II. Tabelul impozitului la fiecare 10 lei corespunzãtor tranșei de
venit impozabil în care se încadreazã salariul brut lunar
Zecile de lei
Intervalul
de venit
Ñ lei Ñ

1
7.401
8.101
10.901
18.501
30.201
45.201
76.301
106.401
151.201
226.801
303.101
378.301

10

Ñ 7.400
Ñ 8.100
Ñ 10.900
Ñ 18.500
Ñ 30.200
Ñ 45.200
Ñ 76.300
Ñ106.400
Ñ151.200
Ñ226.800
Ñ303.100
Ñ378.300
Ñ433.200

20

30

40

50

60

70

80

90

0
1
1
2
2
2
2
2
2
2
3
3
4

1
2
3
3
4
4
4
4
4
5
6
6
7

1
2
4
5
5
6
6
6
7
7
8
10
11

2
3
6
7
7
8
8
8
9
10
11
13
14

2
4
7
8
9
9
10
10
11
12
14
16
18

3
5
8
10
11
11
12
13
13
15
17
19
22

3
6
10
12
13
13
14
15
15
17
20
22
25

4
6
11
14
14
15
16
17
18
20
22
26
29

4
7
13
15
16
17
18
19
20
22
25
29
32

NOTÃ:
1. Calculatorul de impozit s-a elaborat distinct pentru veniturile impozabile din 100 în 100 lei,
precum și din 10 în 10 lei.
2. Calculul impozitului pe salarii se efectueazã prin rotunjirea veniturilor lunare la 10 lei, prin
neglijarea unitãților în favoarea salariaților.
3. Impozitul pe salarii se calculeazã prin adiționarea sumelor prevãzute în tabelele I și II. Spre
exemplu, la salariul de 195.166 lei, care se rotunjește, potrivit pct. 1, la 195.160 lei, impozitul se
calculeazã astfel: pentru salariul de 195.100 lei se ia impozitul corespunzãtor din tabelul I, de 40.438
lei, la care se adaugã impozitul de 15 lei din tabelul II, corespunzãtor zecilor de lei (60 lei) și tranșei de venit unde se încadreazã salariul de 195.160 lei. Impozitul datorat este de 40.453 (40.438
+ 15) lei.
4. Precizãm cã la salariile de peste 433.200 lei lunar, la impozitul de 113.555 lei se adaugã
un impozit de 40% pentru ceea ce depãșește suma.
5. Partea din salariile de peste 826.600 lei lunar se impoziteazã cu cota de 60%.
CALCULATORUL Nr. 2

pentru impozitul pe venitul lunar realizat din salarii între 21.101 Ñ 24.240 lei, la locul permanent de muncã
I. Tabelul impozitului calculat din zece în zece lei
Ñ lei Ñ
Venit lunar
impozabil

Impozit
lunar

1 Ð 21.100 SCUTIT
21.110
10
21.120
20
21.130
30
21.140
40
21.150
50
21.160
60
21.170
70
21.180
80
21.190
90
21.200
100
21.210
110
21.220
120
21.230
130
21.240
140
21.250
150
21.260
160
21.270
170
21.280
180
21.290
190
21.300
200
21.310
210
21.320
220
21.330
230
21.340
240
21.350
250

Venit lunar
impozabil

21.360
21.370
21.380
21.390
21.400
21.410
21.420
21.430
21.440
21.450
21.460
21.470
21.480
21.490
21.500
21.510
21.520
21.530
21.540
21.550
21.560
21.570
21.580
21.590
21.600
21.610

Impozit
lunar

260
270
280
290
300
310
320
330
340
350
360
370
380
390
400
410
420
430
440
450
460
470
480
490
500
510

Venit lunar
impozabil

21.620
21.630
21.640
21.650
21.660
21.670
21.680
21.690
21.700
21.710
21.720
21.730
21.740
21.750
21.760
21.770
21.780
21.790
21.800
21.810
21.820
21.830
21.840
21.850
21.860
21.870

Impozit
lunar

520
530
540
550
560
570
580
590
600
610
620
630
640
650
660
670
680
690
700
710
720
730
740
750
760
770

Venit lunar
impozabil

Impozit
lunar

Venit lunar
impozabil

Impozit
lunar

21.880
21.890
21.900
21.910
21.920
21.930
21.940
21.950
21.960
21.970
21.980
21.990
22.000
22.010
22.020
22.030
22.040
22.050
22.060
22.070
22.080
22.090
22.100
22.110
22.120

780
790
800
810
820
830
840
850
860
870
880
890
900
910
920
930
940
950
960
970
980
990
1.000
1.010
1.020

22.130
22.140
22.150
22.160
22.170
22.180
22.190
22.200
22.210
22.220
22.230
22.240
22.250
22.260
22.270
22.280
22.290
22.300
22.310
22.320
22.330
22.340
22.350
22.360
22.370
22.380

1.030
1.040
1.050
1.060
1.070
1.080
1.090
1.100
1.110
1.120
1.130
1.140
1.150
1.160
1.170
1.180
1.190
1.200
1.210
1.220
1.230
1.240
1.250
1.260
1.270
1.280

16

MONITORUL OFICIAL AL ROMÂNIEI, PARTEA I, Nr.283
Ñ lei Ñ

Venit lunar
impozabil

Impozit
lunar

Venit lunar
impozabil

Impozit
lunar

Venit lunar
impozabil

Impozit
lunar

Venit lunar
impozabil

Impozit
lunar

Venit lunar
impozabil

Impozit
lunar

22.390
22.400
22.410
22.420
22.430
22.440
22.450
22.460
22.470
22.480
22.490
22.500
22.510
22.520
22.530
22.540
22.550
22.560
22.570
22.580
22.590
22.600
22.610
22.620
22.630
22.640
22.650
22.660
22.670
22.680
22.690
22.700
22.710
22.720
22.730
22.740
22.750
22.760

1.290
1.300
1.310
1.320
1.330
1.340
1.350
1.360
1.370
1.380
1.390
1.400
1.410
1.420
1.430
1.440
1.450
1.460
1.470
1.480
1.490
1.500
1.510
1.520
1.530
1.540
1.550
1.560
1.570
1.580
1.590
1.600
1.610
1.620
1.630
1.640
1.650
1.660

22.770
22.780
22.790
22.800
22.810
22.820
22.830
22.840
22.850
22.860
22.870
22.880
22.890
22.900
22.910
22.920
22.930
22.940
22.950
22.960
22.970
22.980
22.990
23.000
23.010
23.020
23.030
23.040
23.050
23.060
23.070
23.080
23.090
23.100
23.110
23.120
23.130
23.140

1.670
1.680
1.690
1.700
1.710
1.720
1.730
1.740
1.750
1.760
1.770
1.780
1.790
1.800
1.810
1.820
1.830
1.840
1.850
1.860
1.870
1.880
1.890
1.900
1.910
1.920
1.930
1.940
1.950
1.960
1.970
1.980
1.990
2.000
2.010
2.020
2.030
2.040

23.150
23.160
23.170
23.180
23.190
23.200
23.210
23.220
23.230
23.240
23.250
23.260
23.270
23.280
23.290
23.300
23.310
23.320
23.330
23.340
23.350
23.360
23.370
23.380
23.390
23.400
23.410
23.420
23.430
23.440
23.450
23.460
23.470
23.480
23.490
23.500
23.510
23.520

2.050
2.060
2.070
2.080
2.090
2.100
2.110
2.120
2.130
2.140
2.150
2.160
2.170
2.180
2.190
2.200
2.210
2.220
2.230
2.240
2.250
2.260
2.270
2.280
2.290
2.300
2.310
2.320
2.330
2.340
2.350
2.360
2.370
2.380
2.390
2.400
2.410
2.420

23.530
23.540
23.550
23.560
23.570
23.580
23.590
23.600
23.610
23.620
23.630
23.640
23.650
23.660
23.670
23.680
23.690
23.700
23.710
23.720
23.730
23.740
23.750
23.760
23.770
23.780
23.790
23.800
23.810
23.820
23.830
23.840
23.850
23.860
23.870
23.880
23.890
23.900

2.430
2.440
2.450
2.460
2.470
2.480
2.490
2.500
2.510
2.520
2.530
2.540
2.550
2.560
2.570
2.580
2.590
2.600
2.610
2.620
2.630
2.640
2.650
2.660
2.670
2.680
2.690
2.700
2.710
2.720
2.730
2.740
2.750
2.760
2.770
2.780
2.790
2.800

23.910
23.920
23.930
23.940
23.950
23.960
23.970
23.980
23.990
24.000
24.010
24.020
24.030
24.040
24.050
24.060
24.070
24.080
24.090
24.100
24.110
24.120
24.130
24.140
24.150
24.160
24.170
24.180
24.190
24.200
24.210
24.220
24.230
24.240

2.810
2.820
2.830
2.840
2.850
2.860
2.870
2.880
2.890
2.900
2.910
2.920
2.930
2.940
2.950
2.960
2.970
2.980
2.990
3.000
3.010
3.020
3.030
3.040
3.050
3.060
3.070
3.080
3.090
3.100
3.110
3.120
3.130
3.140

II. Tabelul impozitului calculat din leu în leu
Unitãțile

Venit lunar
impozabil

1

2

3

4

5

6

7

8

9

1

2

3

4

5

6

7

8

9

Ñ lei Ñ

21.101Ñ24.240

NOTÃ:
1. Calculatorul nr. 2 de impozit se aplicã veniturilor lunare cuprinse între 21.101Ñ24.240 lei, realizate de salariați
la unitatea unde au funcția de bazã (art. 7 alin. 3 din Legea nr. 32/1991, republicatã).
2. Calculatorul nr. 2 de impozit s-a elaborat distinct pentru veniturile lunare impozabile din 10 în 10 lei, precum
și din leu în leu.
3. Impozitul pe salarii se calculeazã prin adiționarea sumelor prevãzute în tabelele I și II din calculatorul nr. 2.
Spre exemplu, la salariul de 23.466 lei, impozitul se calculeazã astfel: pentru salariul de 23.460 lei se ia impozitul corespunzãtor din tabelul I, de 2.360 lei, la care se adaugã impozitul de 6 lei din tabelul II, corespunzãtor unitãților (6 lei).
Impozitul datorat este de 2.366 (2.360 + 6) lei.
4. Pentru veniturile lunare realizate din salarii de peste 24.240 lei, la locul permanent de muncã, impozitul se calculeazã pe baza calculatorului nr 1.
EDITOR: PARLAMENTUL ROMÂNIEI Ñ CAMERA DEPUTAÞILOR
Regia Autonomã ,,Monitorul Oficial,,, București, Calea 13 Septembrie Ñ Palatul Parlamentului, sectorul 5,
cont nr. 30.98.12.301 B.C.R. Ñ S.M.B.
Adresa pentru publicitate : Serviciul relații cu publicul și agenții economici, București,
Str. Blanduziei nr. 1, sectorul 2, telefon 611.77.02.
Tiparul : Tipografia ,,Monitorul Oficial,,, București, Str. Jiului nr. 163, sectorul 1, telefon 668.55.58.
Monitorul Oficial al României, Partea I, nr. 283/1994, conține 16 pagini.

Prețul

160 lei

40.816

